Point(1, Float16(0.0), Real[3.0, 1.0], UndirectedPath[UndirectedPath(1, 3.1622776601683795, 0.0001, 1 => 2, 0, 0.0), UndirectedPath(2, 9.055385138137417, 0.0001, 
1 => 3, 0, 0.0), UndirectedPath(3, 5.315072906367325, 0.0001, 1 => 4, 0, 0.0), UndirectedPath(4, 10.0, 0.0001, 1 => 5, 0, 0.0), UndirectedPath(5, 0.5, 0.0001, 1 => 6, 0, 0.0), UndirectedPath(6, 16.401219466856727, 0.0001, 1 => 7, 0, 0.0), UndirectedPath(7, 10.63014581273465, 0.0001, 1 => 8, 0, 0.0), UndirectedPath(8, 10.816653826391969, 0.0001, 1 => 9, 0, 0.0), UndirectedPath(9, 6.082762530298219, 0.0001, 1 => 10, 0, 0.0)])
Point(2, Float16(0.0), Real[2.0, 4.0], UndirectedPath[UndirectedPath(1, 3.1622776601683795, 0.0001, 1 => 2, 0, 0.0), UndirectedPath(10, 10.198039027185569, 0.0001, 2 => 3, 0, 0.0), UndirectedPath(11, 5.024937810560445, 0.0001, 2 => 4, 0, 0.0), UndirectedPath(12, 8.602325267042627, 0.0001, 2 => 5, 0, 0.0), UndirectedPath(13, 2.692582403567252, 0.0001, 2 => 6, 0, 0.0), UndirectedPath(14, 15.652475842498529, 0.0001, 2 => 7, 0, 0.0), UndirectedPath(15, 9.848857801796104, 0.0001, 2 => 8, 0, 0.0), UndirectedPath(16, 9.219544457292887, 0.0001, 2 => 9, 0, 0.0), UndirectedPath(17, 3.0, 0.0001, 2 => 10, 0, 0.0)])
Point(3, Float16(0.0), Real[12.0, 2.0], UndirectedPath[UndirectedPath(2, 9.055385138137417, 0.0001, 1 => 3, 0, 0.0), UndirectedPath(10, 10.198039027185569, 0.0001, 2 => 3, 0, 0.0), UndirectedPath(18, 5.5901699437494745, 0.0001, 3 => 4, 0, 0.0), UndirectedPath(19, 7.615773105863909, 0.0001, 3 => 5, 0, 0.0), UndirectedPath(20, 9.013878188659973, 0.0001, 3 => 6, 0, 0.0), UndirectedPath(21, 9.848857801796104, 0.0001, 3 => 7, 0, 0.0), UndirectedPath(22, 6.082762530298219, 0.0001, 3 => 8, 0, 0.0), UndirectedPath(23, 8.54400374531753, 0.0001, 3 => 9, 0, 0.0), UndirectedPath(24, 11.180339887498949, 0.0001, 3 => 10, 0, 0.0)])
Point(4, Float16(0.0), Real[7.0, 4.5], UndirectedPath[UndirectedPath(3, 5.315072906367325, 0.0001, 1 => 4, 0, 0.0), UndirectedPath(11, 5.024937810560445, 0.0001, 
2 => 4, 0, 0.0), UndirectedPath(18, 5.5901699437494745, 0.0001, 3 => 4, 0, 0.0), UndirectedPath(25, 4.924428900898052, 0.0001, 4 => 5, 0, 0.0), UndirectedPath(26, 5.0, 0.0001, 4 => 6, 0, 0.0), UndirectedPath(27, 11.10180165558726, 0.0001, 4 => 7, 0, 0.0), UndirectedPath(28, 5.315072906367325, 0.0001, 4 => 8, 0, 0.0), UndirectedPath(29, 5.852349955359813, 0.0001, 4 => 9, 0, 0.0), UndirectedPath(30, 5.5901699437494745, 0.0001, 4 => 10, 0, 0.0)])
Point(5, Float16(0.0), Real[9.0, 9.0], UndirectedPath[UndirectedPath(4, 10.0, 0.0001, 1 => 5, 0, 0.0), UndirectedPath(12, 8.602325267042627, 0.0001, 2 => 5, 0, 0.0), UndirectedPath(19, 7.615773105863909, 0.0001, 3 => 5, 0, 0.0), UndirectedPath(25, 4.924428900898052, 0.0001, 4 => 5, 0, 0.0), UndirectedPath(31, 9.604686356149273, 0.0001, 5 => 6, 0, 0.0), UndirectedPath(32, 7.280109889280518, 0.0001, 5 => 7, 0, 0.0), UndirectedPath(33, 2.23606797749979, 0.0001, 5 => 8, 0, 0.0), UndirectedPath(34, 1.0, 0.0001, 5 => 9, 0, 0.0), UndirectedPath(35, 7.280109889280518, 0.0001, 5 => 10, 0, 0.0)])
Point(6, Float16(0.0), Real[3.0, 1.5], UndirectedPath[UndirectedPath(5, 0.5, 0.0001, 1 => 6, 0, 0.0), UndirectedPath(13, 2.692582403567252, 0.0001, 2 => 6, 0, 0.0), UndirectedPath(20, 9.013878188659973, 0.0001, 3 => 6, 0, 0.0), UndirectedPath(26, 5.0, 0.0001, 4 => 6, 0, 0.0), UndirectedPath(31, 9.604686356149273, 0.0001, 5 => 6, 0, 0.0), UndirectedPath(36, 16.101242188104617, 0.0001, 6 => 7, 0, 0.0), UndirectedPath(37, 10.307764064044152, 0.0001, 6 => 8, 0, 0.0), UndirectedPath(38, 10.404326023342406, 0.0001, 6 => 9, 0, 0.0), UndirectedPath(39, 5.5901699437494745, 0.0001, 6 => 10, 0, 0.0)])
Point(7, Float16(0.0), Real[16.0, 11.0], UndirectedPath[UndirectedPath(6, 16.401219466856727, 0.0001, 1 => 7, 0, 0.0), UndirectedPath(14, 15.652475842498529, 0.0001, 2 => 7, 0, 0.0), UndirectedPath(21, 9.848857801796104, 0.0001, 3 => 7, 0, 0.0), UndirectedPath(27, 11.10180165558726, 0.0001, 4 => 7, 0, 0.0), UndirectedPath(32, 7.280109889280518, 0.0001, 5 => 7, 0, 0.0), UndirectedPath(36, 16.101242188104617, 0.0001, 6 => 7, 0, 0.0), UndirectedPath(40, 5.830951894845301, 0.0001, 7 => 8, 0, 0.0), UndirectedPath(41, 7.0710678118654755, 0.0001, 7 => 9, 0, 0.0), UndirectedPath(42, 14.560219778561036, 0.0001, 7 => 10, 0, 0.0)])
Point(8, Float16(0.0), Real[11.0, 8.0], UndirectedPath[UndirectedPath(7, 10.63014581273465, 0.0001, 1 => 8, 0, 0.0), UndirectedPath(15, 9.848857801796104, 0.0001, 2 => 8, 0, 0.0), UndirectedPath(22, 6.082762530298219, 0.0001, 3 => 8, 0, 0.0), UndirectedPath(28, 5.315072906367325, 0.0001, 4 => 8, 0, 0.0), UndirectedPath(33, 2.23606797749979, 0.0001, 5 => 8, 0, 0.0), UndirectedPath(37, 10.307764064044152, 0.0001, 6 => 8, 0, 0.0), UndirectedPath(40, 5.830951894845301, 0.0001, 7 => 8, 
0, 0.0), UndirectedPath(43, 2.8284271247461903, 0.0001, 8 => 9, 0, 0.0), UndirectedPath(44, 9.055385138137417, 0.0001, 8 => 10, 0, 0.0)])
Point(9, Float16(0.0), Real[9.0, 10.0], UndirectedPath[UndirectedPath(8, 10.816653826391969, 0.0001, 1 => 9, 0, 0.0), UndirectedPath(16, 9.219544457292887, 0.0001, 2 => 9, 0, 0.0), UndirectedPath(23, 8.54400374531753, 0.0001, 3 => 9, 0, 0.0), UndirectedPath(29, 5.852349955359813, 0.0001, 4 => 9, 0, 0.0), UndirectedPath(34, 1.0, 0.0001, 5 => 9, 0, 0.0), UndirectedPath(38, 10.404326023342406, 0.0001, 6 => 9, 0, 0.0), UndirectedPath(41, 7.0710678118654755, 0.0001, 7 => 9, 0, 0.0), UndirectedPath(43, 2.8284271247461903, 0.0001, 8 => 9, 0, 0.0), UndirectedPath(45, 7.615773105863909, 0.0001, 9 => 10, 0, 0.0)])
Point(10, Float16(0.0), Real[2.0, 7.0], UndirectedPath[UndirectedPath(9, 6.082762530298219, 0.0001, 1 => 10, 0, 0.0), UndirectedPath(17, 3.0, 0.0001, 2 => 10, 0, 
0.0), UndirectedPath(24, 11.180339887498949, 0.0001, 3 => 10, 0, 0.0), UndirectedPath(30, 5.5901699437494745, 0.0001, 4 => 10, 0, 0.0), UndirectedPath(35, 7.280109889280518, 0.0001, 5 => 10, 0, 0.0), UndirectedPath(39, 5.5901699437494745, 0.0001, 6 => 10, 0, 0.0), UndirectedPath(42, 14.560219778561036, 0.0001, 7 => 10, 0, 
0.0), UndirectedPath(44, 9.055385138137417, 0.0001, 8 => 10, 0, 0.0), UndirectedPath(45, 7.615773105863909, 0.0001, 9 => 10, 0, 0.0)])
UndirectedPath(1, 3.1622776601683795, 0.0001, 1 => 2, 0, 0.0)
UndirectedPath(2, 9.055385138137417, 0.0001, 1 => 3, 0, 0.0)
UndirectedPath(3, 5.315072906367325, 0.0001, 1 => 4, 0, 0.0)
UndirectedPath(4, 10.0, 0.0001, 1 => 5, 0, 0.0)
UndirectedPath(5, 0.5, 0.0001, 1 => 6, 0, 0.0)
UndirectedPath(6, 16.401219466856727, 0.0001, 1 => 7, 0, 0.0)
UndirectedPath(7, 10.63014581273465, 0.0001, 1 => 8, 0, 0.0)
UndirectedPath(8, 10.816653826391969, 0.0001, 1 => 9, 0, 0.0)
UndirectedPath(9, 6.082762530298219, 0.0001, 1 => 10, 0, 0.0)
UndirectedPath(10, 10.198039027185569, 0.0001, 2 => 3, 0, 0.0)
UndirectedPath(11, 5.024937810560445, 0.0001, 2 => 4, 0, 0.0)
UndirectedPath(12, 8.602325267042627, 0.0001, 2 => 5, 0, 0.0)
UndirectedPath(13, 2.692582403567252, 0.0001, 2 => 6, 0, 0.0)
UndirectedPath(14, 15.652475842498529, 0.0001, 2 => 7, 0, 0.0)
UndirectedPath(15, 9.848857801796104, 0.0001, 2 => 8, 0, 0.0)
UndirectedPath(16, 9.219544457292887, 0.0001, 2 => 9, 0, 0.0)
UndirectedPath(17, 3.0, 0.0001, 2 => 10, 0, 0.0)
UndirectedPath(18, 5.5901699437494745, 0.0001, 3 => 4, 0, 0.0)
UndirectedPath(19, 7.615773105863909, 0.0001, 3 => 5, 0, 0.0)
UndirectedPath(20, 9.013878188659973, 0.0001, 3 => 6, 0, 0.0)
UndirectedPath(21, 9.848857801796104, 0.0001, 3 => 7, 0, 0.0)
UndirectedPath(22, 6.082762530298219, 0.0001, 3 => 8, 0, 0.0)
UndirectedPath(23, 8.54400374531753, 0.0001, 3 => 9, 0, 0.0)
UndirectedPath(24, 11.180339887498949, 0.0001, 3 => 10, 0, 0.0)
UndirectedPath(25, 4.924428900898052, 0.0001, 4 => 5, 0, 0.0)
UndirectedPath(26, 5.0, 0.0001, 4 => 6, 0, 0.0)
UndirectedPath(27, 11.10180165558726, 0.0001, 4 => 7, 0, 0.0)
UndirectedPath(28, 5.315072906367325, 0.0001, 4 => 8, 0, 0.0)
UndirectedPath(29, 5.852349955359813, 0.0001, 4 => 9, 0, 0.0)
UndirectedPath(30, 5.5901699437494745, 0.0001, 4 => 10, 0, 0.0)
UndirectedPath(31, 9.604686356149273, 0.0001, 5 => 6, 0, 0.0)
UndirectedPath(32, 7.280109889280518, 0.0001, 5 => 7, 0, 0.0)
UndirectedPath(33, 2.23606797749979, 0.0001, 5 => 8, 0, 0.0)
UndirectedPath(34, 1.0, 0.0001, 5 => 9, 0, 0.0)
UndirectedPath(35, 7.280109889280518, 0.0001, 5 => 10, 0, 0.0)
UndirectedPath(36, 16.101242188104617, 0.0001, 6 => 7, 0, 0.0)
UndirectedPath(37, 10.307764064044152, 0.0001, 6 => 8, 0, 0.0)
UndirectedPath(38, 10.404326023342406, 0.0001, 6 => 9, 0, 0.0)
UndirectedPath(39, 5.5901699437494745, 0.0001, 6 => 10, 0, 0.0)
UndirectedPath(40, 5.830951894845301, 0.0001, 7 => 8, 0, 0.0)
UndirectedPath(41, 7.0710678118654755, 0.0001, 7 => 9, 0, 0.0)
UndirectedPath(42, 14.560219778561036, 0.0001, 7 => 10, 0, 0.0)
UndirectedPath(43, 2.8284271247461903, 0.0001, 8 => 9, 0, 0.0)
UndirectedPath(44, 9.055385138137417, 0.0001, 8 => 10, 0, 0.0)
UndirectedPath(45, 7.615773105863909, 0.0001, 9 => 10, 0, 0.0)
10
Dict{Any, Any}(32 => 6.6400148088589264e-6, 4 => 1.3036131844105267e-6, 34 => 0.9995173048022135, 33 => 0.00023519064891748304, 25 => 0.0002286906521546452, 35 => 2.9746781220410202e-6, 31 => 2.7518150340473993e-7, 12 => 2.366188087544018e-6, 19 => 5.25422100807871e-6)     5
Dict{Any, Any}(29 => 0.0049742397624066865, 11 => 0.0008269364280635213, 25 => 0.3996158368916783, 18 => 0.18591434598953857, 26 => 0.18465821691872955, 27 => 0.00034853009819428116, 30 => 0.1428566178415591, 28 => 0.009911001450148046, 3 => 0.07089427461968188)    4
Dict{Any, Any}(5 => 0.9998284800737661, 13 => 0.00016819601725781504, 39 => 9.95550778985251e-9, 20 => 3.69999851991671e-8, 36 => 1.2764948579411553e-9, 38 => 3.2892992247729968e-9, 26 => 3.2628237725406804e-6, 31 => 8.496469394875812e-9, 37 => 1.0674468817665276e-9)       6
Dict{Any, Any}(32 => 0.045056573923484916, 6 => 0.0009655568007707702, 21 => 0.027529064510884268, 41 => 0.16618528992929088, 27 => 0.0013534279085910931, 36 => 0.0002805362119807454, 42 => 0.0031649558327468815, 14 => 0.00016630704941215788, 40 => 0.7552982878328383)      7
Dict{Any, Any}(13 => 0.5131459334804573, 15 => 2.865405867604318e-6, 16 => 2.8343367533516275e-5, 11 => 4.4578175308280654e-5, 10 => 1.2271763886055974e-5, 12 => 
0.0002228916020317722, 14 => 2.3086919221199345e-6, 17 => 0.3950185257180157, 1 => 0.09152228179497764) 2
Dict{Any, Any}(39 => 7.496263904335304e-5, 35 => 0.0006915772344259384, 45 => 0.0001290493142146246, 44 => 7.588311375281652e-5, 9 => 0.004668615161887127, 24 => 
0.00031410631861442925, 30 => 0.019006703286146325, 42 => 0.00010843743741818097, 17 => 0.974930665494497)      10
Dict{Any, Any}(34 => 0.9960696150702948, 16 => 2.9985160718249847e-7, 29 => 2.836820203966145e-6, 41 => 2.440635009111918e-5, 43 => 0.0039016336506660044, 38 => 1.061655218918337e-7, 45 => 5.531645834099753e-7, 8 => 3.63688205320779e-7, 23 => 1.8523882628745822e-7) 9
Dict{Any, Any}(22 => 0.018471358926739852, 15 => 6.9950646096255796e-6, 7 => 0.00013325956041946167, 33 => 0.054084158492774724, 43 => 0.9003205021307413, 44 => 7.505756316710875e-5, 28 => 0.001304287367411809, 37 => 7.950181452373861e-6, 40 => 0.02559643071268374) 8
Dict{Any, Any}(22 => 0.39793720942369804, 20 => 0.005936739886717288, 2 => 0.014648274586299703, 10 => 0.0006453989844152277, 18 => 0.5270894870304831, 21 => 0.02009870451805998, 24 => 0.006693321604134702, 23 => 0.0009208701063793549, 19 => 0.026029993859812733)   3
Dict{Any, Any}(5 => 0.999967959097258, 4 => 4.025581129910473e-8, 6 => 4.394085967955037e-9, 7 => 1.7894855234931876e-8, 2 => 9.130626604302935e-8, 9 => 6.201078174941892e-7, 8 => 1.1269630620162707e-8, 3 => 1.2528432128543733e-6, 1 => 3.000283106227695e-5) 1

The best ant: 44.040794314585966        Ant(Point(5, Float16(0.0), Real[9.0, 9.0], UndirectedPath[UndirectedPath(4, 10.0, 8.864580990139704, 1 => 5, 234, 4.45276329265232), UndirectedPath(12, 8.602325267042627, 7.579455910319533, 2 => 5, 213, 3.792433670102108), UndirectedPath(19, 7.615773105863909, 9.153512702227008, 3 => 5, 248, 4.591291491081566), UndirectedPath(25, 4.924428900898052, 45.03365935551763, 4 => 5, 1172, 22.659637959480854), UndirectedPath(31, 9.604686356149273, 1.529482964634152, 5 => 6, 38, 0.766951680519253), UndirectedPath(32, 7.280109889280518, 9.233539046140564, 5 => 7, 237, 4.620389698231885), UndirectedPath(33, 2.23606797749979, 0.8940350170123046, 5 => 8, 23, 0.4471805219680834), UndirectedPath(34, 1.0, 67.96726364402232, 5 => 9, 1736, 34.16612175235804), UndirectedPath(35, 
7.280109889280518, 4.136558031906854, 5 => 10, 99, 2.0885832089909413)]), Point[Point(5, Float16(0.0), Real[9.0, 9.0], UndirectedPath[UndirectedPath(4, 10.0, 8.864580990139704, 1 => 5, 234, 4.45276329265232), UndirectedPath(12, 8.602325267042627, 7.579455910319533, 2 => 5, 213, 3.792433670102108), UndirectedPath(19, 7.615773105863909, 9.153512702227008, 3 => 5, 248, 4.591291491081566), UndirectedPath(25, 4.924428900898052, 45.03365935551763, 4 => 5, 1172, 22.659637959480854), UndirectedPath(31, 9.604686356149273, 1.529482964634152, 5 => 6, 38, 0.766951680519253), UndirectedPath(32, 7.280109889280518, 9.233539046140564, 5 => 7, 237, 4.620389698231885), UndirectedPath(33, 2.23606797749979, 0.8940350170123046, 5 => 8, 23, 0.4471805219680834), UndirectedPath(34, 1.0, 67.96726364402232, 5 => 9, 1736, 34.16612175235804), UndirectedPath(35, 7.280109889280518, 4.136558031906854, 5 => 10, 99, 2.0885832089909413)]), Point(9, Float16(0.0), Real[9.0, 10.0], UndirectedPath[UndirectedPath(8, 10.816653826391969, 3.6745483357375934, 1 => 9, 109, 1.858265647565304), UndirectedPath(16, 9.219544457292887, 1.3628993632974384, 2 => 9, 41, 0.6923999010861029), UndirectedPath(23, 8.54400374531753, 0.5755052161336435, 3 => 9, 16, 0.28775479525777725), UndirectedPath(29, 5.852349955359813, 1.328903191104887, 4 => 9, 38, 0.6644515955544431), UndirectedPath(34, 1.0, 67.96726364402232, 5 => 9, 1736, 34.16612175235804), UndirectedPath(38, 10.404326023342406, 0.88320873369544, 6 => 9, 27, 0.4418187233487643), UndirectedPath(41, 7.0710678118654755, 29.440009163813002, 7 => 9, 745, 14.74529228373856), UndirectedPath(43, 2.8284271247461903, 48.192732268703395, 8 => 9, 1262, 24.245739666225823), UndirectedPath(45, 7.615773105863909, 0.9670177454120026, 9 => 10, 26, 0.483508910250059)]), Point(8, Float16(0.0), Real[11.0, 8.0], UndirectedPath[UndirectedPath(7, 10.63014581273465, 5.348770040637895, 1 => 8, 151, 2.682111985392939), UndirectedPath(15, 9.848857801796104, 0.19168163603828822, 2 => 8, 6, 0.0958409652412727), UndirectedPath(22, 6.082762530298219, 45.48441351667503, 3 => 8, 1191, 22.80797342317441), UndirectedPath(28, 5.315072906367325, 1.6359832770242058, 4 => 8, 44, 0.8183194059636426), UndirectedPath(33, 2.23606797749979, 0.8940350170123046, 5 => 8, 23, 0.4471805219680834), UndirectedPath(37, 10.307764064044152, 0.27356392702485777, 6 => 8, 8, 0.13678196360540626), UndirectedPath(40, 5.830951894845301, 51.01949360745249, 7 => 8, 1278, 25.67452370702855), UndirectedPath(43, 2.8284271247461903, 48.192732268703395, 8 => 9, 1262, 24.245739666225823), UndirectedPath(44, 9.055385138137417, 1.3514143713516993, 8 => 10, 37, 0.6768816367849778)]), Point(7, Float16(0.0), Real[16.0, 11.0], UndirectedPath[UndirectedPath(6, 16.401219466856727, 11.483621718977794, 1 => 7, 330, 5.760337878627219), UndirectedPath(14, 15.652475842498529, 1.5658358074729826, 2 => 7, 46, 0.783181267792009), UndirectedPath(21, 9.848857801796104, 25.564725865205265, 3 => 7, 645, 12.893258285908892), UndirectedPath(27, 11.10180165558726, 2.2872982540112443, 4 => 7, 65, 1.1437811341554314), UndirectedPath(32, 7.280109889280518, 9.233539046140564, 5 => 7, 237, 4.620389698231885), UndirectedPath(36, 16.101242188104617, 3.0423291039769307, 6 => 7, 83, 1.5241447699436876), UndirectedPath(40, 5.830951894845301, 51.01949360745249, 7 => 8, 1278, 25.67452370702855), UndirectedPath(41, 7.0710678118654755, 29.440009163813002, 7 => 9, 745, 14.74529228373856), UndirectedPath(42, 14.560219778561036, 20.75523509486996, 7 => 10, 571, 10.4404442499589)]), Point(3, Float16(0.0), Real[12.0, 2.0], UndirectedPath[UndirectedPath(2, 9.055385138137417, 12.242351431175198, 1 => 3, 305, 6.1553627329378395), UndirectedPath(10, 10.198039027185569, 0.9771367894462225, 2 => 3, 27, 0.5071602345938856), UndirectedPath(18, 5.5901699437494745, 39.49600301167446, 3 => 4, 1025, 19.827959916247583), UndirectedPath(19, 7.615773105863909, 9.153512702227008, 3 => 5, 248, 4.591291491081566), UndirectedPath(20, 9.013878188659973, 4.84897767042043, 3 => 6, 123, 2.4477527261362537), UndirectedPath(21, 9.848857801796104, 25.564725865205265, 3 => 7, 645, 12.893258285908892), UndirectedPath(22, 6.082762530298219, 45.48441351667503, 3 => 8, 1191, 22.80797342317441), UndirectedPath(23, 8.54400374531753, 0.5755052161336435, 3 => 9, 16, 0.28775479525777725), UndirectedPath(24, 11.180339887498949, 16.049461458963002, 3 => 10, 420, 8.066839670046944)]), Point(4, Float16(0.0), Real[7.0, 4.5], UndirectedPath[UndirectedPath(3, 5.315072906367325, 11.70233384567093, 1 => 4, 294, 5.891652406129754), UndirectedPath(11, 5.024937810560445, 0.10309575178474123, 2 => 4, 3, 0.051547875892370615), UndirectedPath(18, 5.5901699437494745, 39.49600301167446, 3 => 4, 1025, 19.827959916247583), UndirectedPath(25, 4.924428900898052, 45.03365935551763, 4 => 5, 1172, 22.659637959480854), UndirectedPath(26, 5.0, 22.45607495652836, 4 => 6, 600, 11.279552207355078), UndirectedPath(27, 11.10180165558726, 2.2872982540112443, 4 => 7, 65, 1.1437811341554314), UndirectedPath(28, 5.315072906367325, 1.6359832770242058, 4 => 8, 44, 0.8183194059636426), UndirectedPath(29, 5.852349955359813, 1.328903191104887, 4 => 9, 38, 0.6644515955544431), UndirectedPath(30, 5.5901699437494745, 30.348736018603628, 4 => 10, 759, 15.248450774605907)]), Point(6, Float16(0.0), Real[3.0, 1.5], UndirectedPath[UndirectedPath(5, 0.5, 68.8122462547995, 1 => 6, 1748, 34.567109792759034), UndirectedPath(13, 2.692582403567252, 52.426508314587025, 2 => 6, 1369, 26.361393543590893), UndirectedPath(20, 9.013878188659973, 4.84897767042043, 3 => 6, 123, 2.4477527261362537), UndirectedPath(26, 5.0, 22.45607495652836, 4 => 6, 600, 11.279552207355078), UndirectedPath(31, 9.604686356149273, 1.529482964634152, 5 => 6, 38, 0.766951680519253), UndirectedPath(36, 16.101242188104617, 3.0423291039769307, 6 => 7, 83, 1.5241447699436876), UndirectedPath(37, 10.307764064044152, 0.27356392702485777, 6 => 8, 8, 0.13678196360540626), UndirectedPath(38, 10.404326023342406, 0.88320873369544, 6 => 9, 27, 0.4418187233487643), UndirectedPath(39, 5.5901699437494745, 0.11969573625336788, 6 => 10, 4, 0.059847868126683954)]), Point(1, Float16(0.0), Real[3.0, 1.0], UndirectedPath[UndirectedPath(1, 3.1622776601683795, 20.89256996459787, 1 => 2, 520, 10.499174199893208), UndirectedPath(2, 9.055385138137417, 12.242351431175198, 1 => 3, 305, 6.1553627329378395), UndirectedPath(3, 5.315072906367325, 11.70233384567093, 1 => 4, 294, 5.891652406129754), UndirectedPath(4, 10.0, 8.864580990139704, 1 => 5, 234, 4.45276329265232), UndirectedPath(5, 0.5, 68.8122462547995, 1 => 6, 1748, 34.567109792759034), UndirectedPath(6, 16.401219466856727, 11.483621718977794, 1 => 7, 330, 5.760337878627219), UndirectedPath(7, 10.63014581273465, 5.348770040637895, 1 => 8, 151, 2.682111985392939), UndirectedPath(8, 10.816653826391969, 3.6745483357375934, 1 => 9, 109, 1.858265647565304), UndirectedPath(9, 6.082762530298219, 11.371065080183463, 1 => 10, 309, 5.718575339427372)]), Point(2, Float16(0.0), Real[2.0, 4.0], UndirectedPath[UndirectedPath(1, 3.1622776601683795, 20.89256996459787, 1 => 2, 520, 10.499174199893208), UndirectedPath(10, 10.198039027185569, 0.9771367894462225, 2 => 3, 27, 0.5071602345938856), UndirectedPath(11, 5.024937810560445, 0.10309575178474123, 2 => 4, 3, 0.051547875892370615), UndirectedPath(12, 8.602325267042627, 7.579455910319533, 2 => 5, 213, 3.792433670102108), UndirectedPath(13, 2.692582403567252, 52.426508314587025, 2 => 6, 1369, 26.361393543590893), UndirectedPath(14, 15.652475842498529, 1.5658358074729826, 2 => 7, 46, 0.783181267792009), UndirectedPath(15, 9.848857801796104, 0.19168163603828822, 2 => 8, 6, 0.0958409652412727), UndirectedPath(16, 9.219544457292887, 1.3628993632974384, 2 => 9, 41, 0.6923999010861029), UndirectedPath(17, 3.0, 69.29290412437585, 2 => 10, 1775, 34.80222161719314)]), Point(10, Float16(0.0), Real[2.0, 7.0], UndirectedPath[UndirectedPath(9, 6.082762530298219, 11.371065080183463, 1 => 10, 309, 5.718575339427372), UndirectedPath(17, 3.0, 69.29290412437585, 2 => 10, 1775, 34.80222161719314), UndirectedPath(24, 11.180339887498949, 16.049461458963002, 3 => 10, 420, 8.066839670046944), UndirectedPath(30, 5.5901699437494745, 30.348736018603628, 4 => 10, 759, 15.248450774605907), UndirectedPath(35, 7.280109889280518, 4.136558031906854, 5 => 10, 99, 2.0885832089909413), UndirectedPath(39, 5.5901699437494745, 0.11969573625336788, 6 => 10, 4, 0.059847868126683954), UndirectedPath(42, 14.560219778561036, 20.75523509486996, 7 => 10, 571, 10.4404442499589), UndirectedPath(44, 9.055385138137417, 1.3514143713516993, 8 => 10, 37, 0.6768816367849778), UndirectedPath(45, 7.615773105863909, 0.9670177454120026, 9 => 10, 26, 0.483508910250059)]), Point(5, Float16(0.0), Real[9.0, 9.0], UndirectedPath[UndirectedPath(4, 10.0, 8.864580990139704, 1 => 5, 234, 4.45276329265232), UndirectedPath(12, 8.602325267042627, 7.579455910319533, 2 => 5, 213, 3.792433670102108), UndirectedPath(19, 7.615773105863909, 9.153512702227008, 3 => 5, 248, 4.591291491081566), UndirectedPath(25, 4.924428900898052, 45.03365935551763, 4 => 5, 1172, 22.659637959480854), UndirectedPath(31, 9.604686356149273, 1.529482964634152, 5 => 6, 38, 0.766951680519253), UndirectedPath(32, 7.280109889280518, 9.233539046140564, 5 => 7, 237, 4.620389698231885), UndirectedPath(33, 2.23606797749979, 0.8940350170123046, 5 => 8, 23, 0.4471805219680834), UndirectedPath(34, 1.0, 67.96726364402232, 5 => 9, 1736, 34.16612175235804), UndirectedPath(35, 7.280109889280518, 4.136558031906854, 5 => 10, 99, 2.0885832089909413)])], UndirectedPath[UndirectedPath(34, 1.0, 67.96726364402232, 5 => 9, 1736, 34.16612175235804), UndirectedPath(43, 2.8284271247461903, 48.192732268703395, 8 => 9, 1262, 24.245739666225823), UndirectedPath(40, 5.830951894845301, 51.01949360745249, 7 => 8, 1278, 25.67452370702855), UndirectedPath(21, 9.848857801796104, 25.564725865205265, 3 => 7, 645, 12.893258285908892), UndirectedPath(18, 5.5901699437494745, 39.49600301167446, 3 => 4, 1025, 19.827959916247583), UndirectedPath(26, 5.0, 22.45607495652836, 4 => 6, 600, 11.279552207355078), UndirectedPath(5, 0.5, 68.8122462547995, 1 => 6, 1748, 34.567109792759034), UndirectedPath(1, 3.1622776601683795, 20.89256996459787, 1 => 2, 520, 10.499174199893208), UndirectedPath(17, 3.0, 69.29290412437585, 2 => 10, 1775, 34.80222161719314), UndirectedPath(35, 7.280109889280518, 4.136558031906854, 5 => 10, 99, 2.0885832089909413)], 44.040794314585966, Point(5, Float16(0.0), Real[9.0, 9.0], UndirectedPath[UndirectedPath(4, 10.0, 8.864580990139704, 1 => 5, 234, 4.45276329265232), UndirectedPath(12, 8.602325267042627, 7.579455910319533, 2 => 5, 213, 3.792433670102108), UndirectedPath(19, 7.615773105863909, 9.153512702227008, 3 => 5, 248, 4.591291491081566), UndirectedPath(25, 4.924428900898052, 45.03365935551763, 4 => 5, 1172, 22.659637959480854), UndirectedPath(31, 9.604686356149273, 1.529482964634152, 5 => 6, 38, 0.766951680519253), UndirectedPath(32, 7.280109889280518, 9.233539046140564, 5 => 7, 237, 4.620389698231885), UndirectedPath(33, 2.23606797749979, 0.8940350170123046, 5 => 8, 23, 0.4471805219680834), UndirectedPath(34, 1.0, 67.96726364402232, 5 => 9, 1736, 34.16612175235804), UndirectedPath(35, 7.280109889280518, 4.136558031906854, 5 => 10, 99, 2.0885832089909413)]))
Path:

UndirectedPath(34, 1.0, 67.96726364402232, 5 => 9, 1736, 34.16612175235804)
UndirectedPath(43, 2.8284271247461903, 48.192732268703395, 8 => 9, 1262, 24.245739666225823)
UndirectedPath(40, 5.830951894845301, 51.01949360745249, 7 => 8, 1278, 25.67452370702855)
UndirectedPath(21, 9.848857801796104, 25.564725865205265, 3 => 7, 645, 12.893258285908892)
UndirectedPath(18, 5.5901699437494745, 39.49600301167446, 3 => 4, 1025, 19.827959916247583)
UndirectedPath(26, 5.0, 22.45607495652836, 4 => 6, 600, 11.279552207355078)
UndirectedPath(5, 0.5, 68.8122462547995, 1 => 6, 1748, 34.567109792759034)
UndirectedPath(1, 3.1622776601683795, 20.89256996459787, 1 => 2, 520, 10.499174199893208)
UndirectedPath(17, 3.0, 69.29290412437585, 2 => 10, 1775, 34.80222161719314)
UndirectedPath(35, 7.280109889280518, 4.136558031906854, 5 => 10, 99, 2.0885832089909413)
5 => 9
8 => 9
7 => 8
3 => 7
3 => 4
4 => 6
1 => 6
1 => 2
2 => 10
5 => 10